11111111111111111111111111111111111111111111111111100000000000000000000000000000000000111111111111111111111111111111111 0000000000000000000000000000000001111111111111111111111111111111111111100000000000000000000000000
11111111111111111111111111111111 00000000011111111111 11111111111111111111111111111111111111111111111 01111111111111111111111000000000000000000000000011111 0000000
111111111111111111111111111000000000000000000111111111111111111111111 1111111111111111111111111000000000000000000000000000000000111111111111111111111111111111111111
111111111111111111111111111111111111111111111111111111111111111111111111111111111111111111111111111111111111111
1111111111111111111111111111111111111111111111111111111111111111111111111111111111111111111111111111111111111111111111
1111111111111111111111111111111111111111111111110000000000000000000000000000000000000000000000000000000000000000000
0000000000000000000000000000011111111111111111111111111 11111111111111
11111111111111111111111111111111
1111111111111111111111111111111111111111111111111
1111110111111111111111111111111111111111111111111111111111111111111
1111111111111111111111111111111111111100000000000000000000000000000000000000000000000000000001111111111111
111111111111111111111100000000000000000000000000000001111111111111111111111111111111111111111111111111111111111111111111111111111
11111111111111111111111111111100000000000000000000000000000000000000000000000000000000000000000000000000000
0000000000000000000000000000000000000000000000
11111111111111111111111111100000000000000000000000000000000000000101010101010100100010010101010101010101010100000
101010101010101010010100101010101010101010101010101001010101010101010101010101010010000010101010101010
0000000000000000000000000000000000000000000000000111111111111111111111 01101010101010101010101010010101010101000000000000000111111111111111111111
000000000000000000000001111111111111111010101010110100111000000000000000000010100110
